%YAML:1.0
---
R: !!opencv-matrix
   rows: 3
   cols: 3
   dt: d
   data: [ 9.9992542899706582e-01, -1.2212119613631734e-02,
       -2.4074391475775869e-05, 1.2212120034077152e-02,
       9.9992542913042815e-01, 1.7395473101192528e-05,
       2.3860160629221619e-05, -1.7688175261766411e-05,
       9.9999999955891061e-01 ]
T: !!opencv-matrix
   rows: 3
   cols: 1
   dt: d
   data: [ -3.5234588948352061e+00, 6.5474852189705879e-01,
       1.1716163079874553e-03 ]
R1: !!opencv-matrix
   rows: 3
   cols: 3
   dt: d
   data: [ 9.8086459568350459e-01, -1.9469083127301026e-01,
       -3.5376950015720838e-04, 1.9469083433682874e-01,
       9.8086465852561877e-01, -2.6089282400977901e-05,
       3.5207934404644171e-04, -4.3285625714621843e-05,
       9.9999993708324320e-01 ]
R2: !!opencv-matrix
   rows: 3
   cols: 3
   dt: d
   data: [ 9.8316904786283066e-01, -1.8269788298274858e-01,
       -3.2692218764722279e-04, 1.8269788013943455e-01,
       9.8316910197972085e-01, -3.8793633797230416e-05,
       3.2850730841432779e-04, -2.1587290650131718e-05,
       9.9999994580846718e-01 ]
P1: !!opencv-matrix
   rows: 3
   cols: 4
   dt: d
   data: [ 9.5224355673388317e-01, 0., 1.4085631391489369e+02, 0., 0.,
       9.5224355673388317e-01, 1.1446577553113912e+01, 0., 0., 0., 1.,
       0. ]
P2: !!opencv-matrix
   rows: 3
   cols: 4
   dt: d
   data: [ 9.5224355673388317e-01, 0., 1.4085631391489369e+02,
       -3.4126288223951708e+00, 0., 9.5224355673388317e-01,
       1.1446577553113912e+01, 0., 0., 0., 1., 0. ]
Q: !!opencv-matrix
   rows: 4
   cols: 4
   dt: d
   data: [ 1., 0., 0., -1.4085631391489369e+02, 0., 1., 0.,
       -1.1446577553113912e+01, 0., 0., 0., 9.5224355673388317e-01, 0.,
       0., 2.7903519728979670e-01, 0. ]
