%YAML:1.0
---
M1: !!opencv-matrix
   rows: 3
   cols: 3
   dt: d
   data: [ 1., 0., -8.2603681999950116e-28, 0., 1.,
       -5.3800030701495129e-28, 0., 0., 1. ]
D1: !!opencv-matrix
   rows: 1
   cols: 14
   dt: d
   data: [ -7.9530960576119535e-20, -1.2096091169007746e-14, 0., 0., 0.,
       0., 0., -4.0631913633409033e-20, 0., 0., 0., 0., 0., 0. ]
M2: !!opencv-matrix
   rows: 3
   cols: 3
   dt: d
   data: [ 1., 0., -6.0095313651455357e-26, 0., 1.,
       -7.4711546759765374e-26, 0., 0., 1. ]
D2: !!opencv-matrix
   rows: 1
   cols: 14
   dt: d
   data: [ -4.4999496330197079e-18, -4.8042989818757089e-13, 0., 0., 0.,
       0., 0., -2.7346836015957163e-18, 0., 0., 0., 0., 0., 0. ]
